3.28500008583
3.28600001335
3.43099999428
3.46299982071
3.44199991226
3.43499994278
3.41000008583
3.43400001526
3.41300010681
3.48199987411
3.4430000782
3.45300006866
3.44000005722
3.4509999752
3.41900014877
3.43099999428
3.42800021172
3.44799995422
3.47900009155
3.40200018883
3.4279999733
3.44099998474
3.4279999733
3.43300008774
3.4240000248
3.43400001526
3.42900013924
3.42900013924
3.39800000191
3.27099990845
3.242000103
3.27400016785
3.25999999046
3.25999999046
3.27500009537
3.26699995995
3.24300003052
3.27399992943
3.41500020027
3.382999897
