2.10599994659
2.12299990654
2.33200001717
2.30300021172
2.21499991417
2.2009999752
2.21000003815
2.21099996567
2.22699999809
2.21700000763
2.24000000954
2.19799995422
2.18099999428
2.25300002098
2.28199982643
2.1970000267
2.21399998665
2.25500011444
2.30200004578
2.26099991798
2.24500012398
2.25500011444
2.19200015068
2.24300003052
2.3259999752
2.22099995613
2.25600004196
2.21599984169
2.06599998474
2.08400011063
2.07699990273
2.13199996948
2.02900004387
2.08500003815
2.02499985695
2.15700006485
2.04800009727
2.09299993515
2.20799994469
2.20000004768
